
VALOR DE N : 1000000
9.5009803772e-04
9.6607208252e-04
5.6815147400e-04
1.0321140289e-03
1.1789798737e-03
8.1920623779e-04
8.6522102356e-04
7.8487396240e-04
1.0399818420e-03
6.8497657776e-04
1.0259151459e-03
1.1198520660e-03
1.1541843414e-03
1.0240077972e-03
1.0120868683e-03
1.0840892792e-03
6.9999694824e-04
7.8487396240e-04
6.2704086304e-04
1.0228157043e-03
VALOR DE N : 2000000
6.6304206848e-04
1.0280609131e-03
1.0299682617e-03
1.0230541229e-03
8.1300735474e-04
1.2218952179e-03
1.0070800781e-03
1.0249614716e-03
1.0139942169e-03
1.0509490967e-03
9.6702575684e-04
1.1851787567e-03
1.0099411011e-03
1.0750293732e-03
9.6607208252e-04
9.3984603882e-04
9.1600418091e-04
7.9011917114e-04
6.8402290344e-04
1.0101795197e-03
VALOR DE N : 3000000
7.6889991760e-04
9.5796585083e-04
6.8998336792e-04
7.4100494385e-04
7.9393386841e-04
7.8606605530e-04
7.4601173401e-04
9.7203254700e-04
6.4897537231e-04
7.4386596680e-04
6.9522857666e-04
9.3412399292e-04
9.4008445740e-04
7.4601173401e-04
9.2482566833e-04
1.0972023010e-03
1.1069774628e-03
7.6198577881e-04
9.2697143555e-04
6.8712234497e-04
VALOR DE N : 4000000
9.7179412842e-04
1.0418891907e-03
6.9713592529e-04
9.7799301147e-04
1.0769367218e-03
1.1539459229e-03
1.1639595032e-03
1.0621547699e-03
1.0008811951e-03
1.0669231415e-03
7.6889991760e-04
9.9611282349e-04
7.9798698425e-04
8.6903572083e-04
9.6487998962e-04
8.9192390442e-04
8.4304809570e-04
1.0840892792e-03
7.2479248047e-04
1.0950565338e-03
VALOR DE N : 5000000
1.1820793152e-03
7.5888633728e-04
1.0161399841e-03
1.1940002441e-03
1.0299682617e-03
1.0898113251e-03
8.1801414490e-04
1.0991096497e-03
1.0681152344e-03
8.4900856018e-04
1.1649131775e-03
1.0519027710e-03
1.0700225830e-03
1.0440349579e-03
9.1791152954e-04
1.0120868683e-03
9.2911720276e-04
9.9897384644e-04
9.8800659180e-04
1.1870861053e-03
VALOR DE N : 6000000
1.0440349579e-03
1.0359287262e-03
1.0120868683e-03
7.0691108704e-04
9.4199180603e-04
1.1949539185e-03
9.1910362244e-04
9.8896026611e-04
7.5984001160e-04
9.3793869019e-04
7.9202651978e-04
1.0070800781e-03
9.9396705627e-04
1.1470317841e-03
9.5677375793e-04
8.7714195251e-04
8.9693069458e-04
9.5605850220e-04
1.0378360748e-03
1.0991096497e-03
VALOR DE N : 7000000
1.1599063873e-03
6.1702728271e-04
7.7295303345e-04
8.1300735474e-04
1.0910034180e-03
6.5302848816e-04
9.4699859619e-04
9.8800659180e-04
1.0058879852e-03
7.4386596680e-04
1.0311603546e-03
1.0540485382e-03
7.7390670776e-04
1.0709762573e-03
7.6889991760e-04
6.9999694824e-04
1.0120868683e-03
1.0440349579e-03
8.9812278748e-04
1.0409355164e-03
VALOR DE N : 8000000
1.1038780212e-03
1.1570453644e-03
1.0678768158e-03
9.8681449890e-04
9.6678733826e-04
1.0359287262e-03
1.1439323425e-03
1.1260509491e-03
1.0249614716e-03
7.3194503784e-04
7.9607963562e-04
8.1896781921e-04
9.0098381042e-04
6.6614151001e-04
7.9798698425e-04
8.7594985962e-04
8.0585479736e-04
7.8606605530e-04
6.4706802368e-04
9.6297264099e-04
VALOR DE N : 9000000
8.9788436890e-04
6.7186355591e-04
9.1505050659e-04
1.2149810791e-03
7.4720382690e-04
1.0221004486e-03
6.9308280945e-04
7.7414512634e-04
6.4587593079e-04
1.0218620300e-03
8.8405609131e-04
8.6903572083e-04
1.0650157928e-03
6.0820579529e-04
6.9189071655e-04
9.8991394043e-04
8.3303451538e-04
1.0321140289e-03
8.6903572083e-04
1.0778903961e-03
VALOR DE N : 10000000
1.0759830475e-03
1.0390281677e-03
1.1448860168e-03
9.8705291748e-04
7.0309638977e-04
7.4386596680e-04
8.1801414490e-04
8.1491470337e-04
9.0789794922e-04
8.6903572083e-04
1.1332035065e-03
1.0480880737e-03
1.1041164398e-03
1.1410713196e-03
1.0728836060e-03
1.0418891907e-03
8.4710121155e-04
7.3003768921e-04
9.4008445740e-04
5.4693222046e-04
