
VALOR DE N : 1000000
5.3977966309e-04
5.4693222046e-04
6.2298774719e-04
5.8388710022e-04
4.9901008606e-04
5.8794021606e-04
5.0020217896e-04
5.4407119751e-04
6.0606002808e-04
8.2898139954e-04
5.3906440735e-04
6.0009956360e-04
7.2598457336e-04
5.3691864014e-04
5.1903724670e-04
7.2693824768e-04
5.1903724670e-04
5.0711631775e-04
7.2598457336e-04
5.9223175049e-04
VALOR DE N : 2000000
5.9604644775e-04
5.7506561279e-04
7.4100494385e-04
5.7601928711e-04
6.5994262695e-04
5.3000450134e-04
6.2298774719e-04
5.9223175049e-04
6.5708160400e-04
5.3310394287e-04
6.5398216248e-04
5.6409835815e-04
6.3204765320e-04
5.7601928711e-04
5.6290626526e-04
5.9700012207e-04
6.6804885864e-04
7.2002410889e-04
7.8201293945e-04
8.8214874268e-04
VALOR DE N : 3000000
6.9189071655e-04
6.4086914062e-04
5.8913230896e-04
5.2022933960e-04
6.7210197449e-04
6.0009956360e-04
8.1205368042e-04
7.8201293945e-04
6.4492225647e-04
7.5602531433e-04
7.4100494385e-04
8.5997581482e-04
6.7496299744e-04
6.4587593079e-04
5.3691864014e-04
8.9001655579e-04
7.6198577881e-04
9.3603134155e-04
6.0200691223e-04
6.9522857666e-04
VALOR DE N : 4000000
8.3708763123e-04
5.2690505981e-04
7.8511238098e-04
7.6317787170e-04
7.1787834167e-04
8.9693069458e-04
5.8913230896e-04
7.9798698425e-04
7.9417228699e-04
7.7795982361e-04
5.5122375488e-04
6.1607360840e-04
8.2492828369e-04
6.6590309143e-04
6.2012672424e-04
5.5503845215e-04
4.8708915710e-04
5.1879882812e-04
6.0081481934e-04
5.5098533630e-04
VALOR DE N : 5000000
1.0230541229e-03
5.4502487183e-04
6.2704086304e-04
6.5398216248e-04
5.8007240295e-04
6.0296058655e-04
5.4311752319e-04
5.9509277344e-04
6.8593025208e-04
5.6791305542e-04
6.1297416687e-04
6.2084197998e-04
7.3814392090e-04
8.1801414490e-04
7.7605247498e-04
7.8392028809e-04
7.2789192200e-04
7.6889991760e-04
6.1392784119e-04
1.0550022125e-03
VALOR DE N : 6000000
1.0759830475e-03
1.1839866638e-03
6.1011314392e-04
8.0680847168e-04
1.1630058289e-03
1.1668205261e-03
6.9499015808e-04
9.5987319946e-04
1.0619163513e-03
1.0969638824e-03
9.4580650330e-04
1.0159015656e-03
8.2015991211e-04
9.7608566284e-04
1.0359287262e-03
9.5295906067e-04
1.0340213776e-03
9.6702575684e-04
9.7584724426e-04
8.2612037659e-04
VALOR DE N : 7000000
1.0681152344e-03
9.0289115906e-04
1.0559558868e-03
1.1799335480e-03
1.1820793152e-03
1.0859966278e-03
9.6821784973e-04
7.7891349792e-04
1.1482238770e-03
9.7084045410e-04
1.0559558868e-03
1.0480880737e-03
8.8596343994e-04
6.7090988159e-04
7.3003768921e-04
7.4696540833e-04
1.1789798737e-03
8.9693069458e-04
7.4696540833e-04
1.1451244354e-03
VALOR DE N : 8000000
1.1639595032e-03
6.7687034607e-04
9.1409683228e-04
1.1761188507e-03
7.7009201050e-04
1.1429786682e-03
8.6116790771e-04
1.0418891907e-03
6.7496299744e-04
1.0700225830e-03
9.4604492188e-04
1.0480880737e-03
9.2577934265e-04
1.1880397797e-03
1.0600090027e-03
6.7901611328e-04
9.8013877869e-04
7.8701972961e-04
1.0938644409e-03
1.0840892792e-03
VALOR DE N : 9000000
1.0569095612e-03
8.5592269897e-04
8.7189674377e-04
1.0960102081e-03
9.5701217651e-04
9.7107887268e-04
1.0609626770e-03
1.1048316956e-03
9.3102455139e-04
9.6893310547e-04
1.0099411011e-03
6.3180923462e-04
9.6201896667e-04
9.7513198853e-04
1.0278224945e-03
1.0538101196e-03
1.2140274048e-03
1.0459423065e-03
9.6487998962e-04
1.0972023010e-03
VALOR DE N : 10000000
8.6402893066e-04
6.7996978760e-04
7.0619583130e-04
5.4097175598e-04
6.8998336792e-04
6.4992904663e-04
7.4887275696e-04
1.0399818420e-03
7.3194503784e-04
6.1488151550e-04
5.7220458984e-04
5.6004524231e-04
5.4001808167e-04
5.2309036255e-04
5.2785873413e-04
5.8007240295e-04
6.7901611328e-04
1.1420249939e-03
7.7486038208e-04
1.4162063599e-03
