
VALOR DE N : 1000000
6.6900253296e-04
8.0704689026e-04
7.4481964111e-04
6.2489509583e-04
8.8214874268e-04
7.8821182251e-04
7.1501731873e-04
7.7486038208e-04
8.3708763123e-04
8.1014633179e-04
6.1798095703e-04
7.8511238098e-04
5.3787231445e-04
5.6505203247e-04
5.9199333191e-04
6.9284439087e-04
8.4900856018e-04
8.2302093506e-04
7.7891349792e-04
7.4005126953e-04
VALOR DE N : 2000000
7.7295303345e-04
8.0180168152e-04
7.5507164001e-04
7.7891349792e-04
8.9693069458e-04
8.5592269897e-04
7.1692466736e-04
7.2097778320e-04
7.6913833618e-04
7.9321861267e-04
8.3804130554e-04
8.7094306946e-04
7.8916549683e-04
7.0405006409e-04
7.8201293945e-04
7.6794624329e-04
7.4291229248e-04
7.3194503784e-04
5.8984756470e-04
7.5793266296e-04
VALOR DE N : 3000000
7.7986717224e-04
8.6402893066e-04
5.8102607727e-04
8.0800056458e-04
5.5480003357e-04
7.2216987610e-04
5.2094459534e-04
6.9808959961e-04
5.6719779968e-04
5.3620338440e-04
7.1883201599e-04
6.0296058655e-04
6.5898895264e-04
5.7983398438e-04
5.5408477783e-04
9.5200538635e-04
7.0786476135e-04
7.9989433289e-04
6.1488151550e-04
5.3286552429e-04
VALOR DE N : 4000000
6.7996978760e-04
4.7612190247e-04
5.7291984558e-04
1.2102127075e-03
5.1903724670e-04
5.7101249695e-04
1.1749267578e-03
6.1988830566e-04
8.3398818970e-04
8.5091590881e-04
7.9202651978e-04
8.1801414490e-04
7.3218345642e-04
9.1004371643e-04
6.6089630127e-04
7.2097778320e-04
1.8618106842e-03
1.6610622406e-03
5.9700012207e-04
7.6413154602e-04
VALOR DE N : 5000000
1.0700225830e-03
8.9502334595e-04
9.9706649780e-04
7.3289871216e-04
8.9788436890e-04
1.0240077972e-03
7.1191787720e-04
8.8095664978e-04
8.3279609680e-04
7.1120262146e-04
8.3589553833e-04
7.0309638977e-04
6.3920021057e-04
7.6293945312e-04
9.0503692627e-04
9.0098381042e-04
7.8988075256e-04
8.0084800720e-04
7.9083442688e-04
7.2908401489e-04
VALOR DE N : 6000000
1.1811256409e-03
6.5302848816e-04
7.8392028809e-04
9.7703933716e-04
6.8712234497e-04
7.2383880615e-04
7.1191787720e-04
6.6995620728e-04
8.2397460938e-04
8.1014633179e-04
9.0408325195e-04
7.4505805969e-04
6.9308280945e-04
6.9308280945e-04
7.5507164001e-04
8.7499618530e-04
8.6307525635e-04
7.6007843018e-04
1.2459754944e-03
9.0599060059e-04
VALOR DE N : 7000000
1.1210441589e-03
7.2789192200e-04
7.2503089905e-04
7.6293945312e-04
8.5306167603e-04
6.3419342041e-04
7.1001052856e-04
8.3208084106e-04
5.0282478333e-04
6.9189071655e-04
8.8596343994e-04
7.9894065857e-04
8.0204010010e-04
1.0461807251e-03
8.5902214050e-04
7.9393386841e-04
5.5193901062e-04
8.6212158203e-04
1.0809898376e-03
7.6699256897e-04
VALOR DE N : 8000000
5.6695938110e-04
8.4805488586e-04
6.9594383240e-04
8.8310241699e-04
6.9808959961e-04
6.8497657776e-04
7.2693824768e-04
1.2679100037e-03
8.3494186401e-04
7.1883201599e-04
9.0408325195e-04
7.6103210449e-04
6.3109397888e-04
1.1050701141e-03
7.3218345642e-04
7.8201293945e-04
7.0691108704e-04
9.1004371643e-04
8.6116790771e-04
8.5687637329e-04
VALOR DE N : 9000000
7.6508522034e-04
8.8286399841e-04
7.6103210449e-04
7.9202651978e-04
6.2417984009e-04
7.4100494385e-04
8.4209442139e-04
7.2598457336e-04
8.4495544434e-04
1.1889934540e-03
9.0599060059e-04
9.2911720276e-04
7.6580047607e-04
1.1229515076e-03
8.7594985962e-04
9.6797943115e-04
9.3913078308e-04
7.9107284546e-04
8.3518028259e-04
1.1348724365e-03
VALOR DE N : 10000000
7.8487396240e-04
9.0003013611e-04
8.3303451538e-04
8.1086158752e-04
7.6103210449e-04
6.0081481934e-04
7.9584121704e-04
7.2097778320e-04
8.1300735474e-04
7.6317787170e-04
8.2802772522e-04
5.2690505981e-04
6.9117546082e-04
8.7213516235e-04
5.7196617126e-04
6.8807601929e-04
7.4195861816e-04
7.3099136353e-04
6.6208839417e-04
7.1310997009e-04
