
VALOR DE N : 1000000
1.5189647675e-03
1.3961791992e-03
1.7402172089e-03
1.4019012451e-03
1.7139911652e-03
1.2290477753e-03
1.3659000397e-03
1.3360977173e-03
1.2781620026e-03
1.3041496277e-03
1.3821125031e-03
1.3010501862e-03
1.1749267578e-03
1.3730525970e-03
1.5180110931e-03
1.3070106506e-03
1.3160705566e-03
1.3611316681e-03
1.6019344330e-03
1.5001296997e-03
VALOR DE N : 2000000
1.4560222626e-03
1.0299682617e-03
1.2629032135e-03
1.7070770264e-03
1.2550354004e-03
1.1708736420e-03
1.4019012451e-03
1.1110305786e-03
1.3289451599e-03
1.5318393707e-03
1.5931129456e-03
1.7800331116e-03
1.2309551239e-03
1.4748573303e-03
1.4669895172e-03
1.7158985138e-03
1.6031265259e-03
1.4760494232e-03
1.2960433960e-03
1.2679100037e-03
VALOR DE N : 3000000
1.2888908386e-03
1.4388561249e-03
1.2438297272e-03
1.3089179993e-03
1.2598037720e-03
1.5139579773e-03
1.3699531555e-03
1.8370151520e-03
1.2149810791e-03
1.1951923370e-03
1.4028549194e-03
1.9309520721e-03
1.2640953064e-03
1.5950202942e-03
1.5439987183e-03
1.7418861389e-03
1.8210411072e-03
1.7511844635e-03
1.9979476929e-03
1.6298294067e-03
VALOR DE N : 4000000
1.5799999237e-03
1.8310546875e-03
1.2018680573e-03
1.3120174408e-03
1.6388893127e-03
1.9140243530e-03
1.5819072723e-03
1.9469261169e-03
1.6200542450e-03
1.8689632416e-03
1.5439987183e-03
1.6140937805e-03
1.6031265259e-03
1.8701553345e-03
1.5439987183e-03
1.6760826111e-03
1.5869140625e-03
1.6710758209e-03
1.4719963074e-03
1.4340877533e-03
VALOR DE N : 5000000
1.9810199738e-03
1.8010139465e-03
1.5339851379e-03
1.5470981598e-03
1.6179084778e-03
1.6651153564e-03
1.9330978394e-03
1.6682147980e-03
1.9350051880e-03
1.7869472504e-03
1.6188621521e-03
1.7879009247e-03
1.6829967499e-03
1.4469623566e-03
1.5461444855e-03
1.6989707947e-03
1.6071796417e-03
1.3480186462e-03
1.7340183258e-03
1.7549991608e-03
VALOR DE N : 6000000
1.6539096832e-03
1.7979145050e-03
1.9040107727e-03
1.4750957489e-03
1.7101764679e-03
1.9049644470e-03
1.8720626831e-03
1.5189647675e-03
1.6000270844e-03
1.7349720001e-03
1.8920898438e-03
2.1560192108e-03
1.7158985138e-03
1.2221336365e-03
1.6739368439e-03
1.6779899597e-03
1.4991760254e-03
1.2850761414e-03
1.7950534821e-03
1.7788410187e-03
VALOR DE N : 7000000
2.1171569824e-03
1.8031597137e-03
1.8200874329e-03
1.9638538361e-03
1.9400119781e-03
1.5959739685e-03
1.5990734100e-03
1.8959045410e-03
1.8680095673e-03
1.9252300262e-03
1.4140605927e-03
1.7061233521e-03
1.8880367279e-03
1.7678737640e-03
1.7850399017e-03
1.6992092133e-03
1.6851425171e-03
1.7619132996e-03
1.7950534821e-03
1.5349388123e-03
VALOR DE N : 8000000
1.7938613892e-03
1.4109611511e-03
1.7490386963e-03
1.6889572144e-03
1.7800331116e-03
1.5399456024e-03
1.7669200897e-03
1.7099380493e-03
1.6131401062e-03
1.5640258789e-03
1.4421939850e-03
1.6338825226e-03
1.6961097717e-03
1.6360282898e-03
1.8589496613e-03
1.7459392548e-03
1.7960071564e-03
1.8720626831e-03
1.4040470123e-03
1.5628337860e-03
VALOR DE N : 9000000
1.8000602722e-03
1.5778541565e-03
1.2888908386e-03
1.7030239105e-03
1.5919208527e-03
1.6901493073e-03
2.0639896393e-03
1.4169216156e-03
1.4939308167e-03
1.9619464874e-03
1.1930465698e-03
1.6801357269e-03
1.5070438385e-03
2.0999908447e-03
1.9299983978e-03
1.7459392548e-03
1.7809867859e-03
2.3179054260e-03
1.8529891968e-03
1.5430450439e-03
VALOR DE N : 10000000
1.8188953400e-03
1.6291141510e-03
1.7189979553e-03
1.3761520386e-03
1.3511180878e-03
1.9409656525e-03
1.7340183258e-03
1.6300678253e-03
1.4510154724e-03
1.4488697052e-03
1.6310214996e-03
1.7719268799e-03
1.7850399017e-03
1.7561912537e-03
1.7058849335e-03
2.1779537201e-03
1.6779899597e-03
1.7869472504e-03
1.7139911652e-03
1.9199848175e-03
