
VALOR DE N : 1000000
7.7414512634e-04
1.8739700317e-03
7.9488754272e-04
7.3099136353e-04
1.9078254700e-03
7.0309638977e-04
2.1369457245e-03
2.3560523987e-03
2.0339488983e-03
1.8548965454e-03
1.7461776733e-03
1.7659664154e-03
1.9888877869e-03
1.7719268799e-03
2.0389556885e-03
1.9931793213e-03
2.5460720062e-03
2.5050640106e-03
3.4720897675e-03
9.4795227051e-04
VALOR DE N : 2000000
7.4291229248e-04
3.1399726868e-03
9.7298622131e-04
8.3899497986e-04
3.4129619598e-03
7.7486038208e-04
2.9480457306e-03
3.3588409424e-03
3.5769939423e-03
3.5431385040e-03
3.4830570221e-03
3.3631324768e-03
3.1030178070e-03
2.9950141907e-03
3.0310153961e-03
3.3559799194e-03
3.0300617218e-03
3.0009746552e-03
3.1540393829e-03
9.1886520386e-04
VALOR DE N : 3000000
9.4795227051e-04
4.3580532074e-03
8.0895423889e-04
7.8797340393e-04
4.0709972382e-03
9.6416473389e-04
4.4169425964e-03
4.6072006226e-03
5.0308704376e-03
4.1069984436e-03
4.3640136719e-03
4.0490627289e-03
4.4929981232e-03
3.9789676666e-03
5.4531097412e-03
4.1320323944e-03
4.0578842163e-03
4.1470527649e-03
4.3549537659e-03
7.7891349792e-04
VALOR DE N : 4000000
7.0786476135e-04
5.2261352539e-03
8.9502334595e-04
8.1992149353e-04
5.3310394287e-03
8.2588195801e-04
5.2518844604e-03
5.4399967194e-03
5.3470134735e-03
5.3489208221e-03
5.6030750275e-03
6.6750049591e-03
5.3429603577e-03
5.2630901337e-03
6.4568519592e-03
5.5911540985e-03
5.3927898407e-03
5.3420066833e-03
5.1779747009e-03
7.9417228699e-04
VALOR DE N : 5000000
6.4706802368e-04
7.6949596405e-03
7.8701972961e-04
8.7308883667e-04
7.0202350616e-03
8.3804130554e-04
7.6849460602e-03
7.7280998230e-03
7.4629783630e-03
7.3890686035e-03
6.9930553436e-03
6.7889690399e-03
6.6468715668e-03
6.7250728607e-03
6.6421031952e-03
6.9320201874e-03
6.5610408783e-03
6.1759948730e-03
6.9339275360e-03
7.1692466736e-04
VALOR DE N : 6000000
7.2288513184e-04
8.0060958862e-03
7.4291229248e-04
1.1990070343e-03
7.4770450592e-03
8.6712837219e-04
7.5809955597e-03
8.0821514130e-03
8.2149505615e-03
8.0609321594e-03
7.3170661926e-03
7.8032016754e-03
8.3520412445e-03
7.5969696045e-03
7.7829360962e-03
7.5881481171e-03
8.2080364227e-03
8.0511569977e-03
8.1281661987e-03
7.9703330994e-04
VALOR DE N : 7000000
9.6392631531e-04
9.0270042419e-03
1.0960102081e-03
8.0108642578e-04
9.3588829041e-03
7.7986717224e-04
8.3100795746e-03
7.9410076141e-03
8.6669921875e-03
9.4602108002e-03
9.4330310822e-03
9.6278190613e-03
8.9991092682e-03
8.3949565887e-03
1.0848045349e-02
9.3221664429e-03
8.5771083832e-03
8.4919929504e-03
9.0100765228e-03
8.7189674377e-04
VALOR DE N : 8000000
9.2601776123e-04
9.4900131226e-03
1.1668205261e-03
1.3220310211e-03
1.0199069977e-02
7.2813034058e-04
9.3560218811e-03
7.7261924744e-03
1.0665893555e-02
9.5129013062e-03
9.9720954895e-03
1.0851144791e-02
9.9878311157e-03
8.8729858398e-03
9.5961093903e-03
9.9718570709e-03
1.0663032532e-02
9.7110271454e-03
9.6259117126e-03
8.3279609680e-04
VALOR DE N : 9000000
1.0800361633e-03
1.0334968567e-02
9.7584724426e-04
8.5306167603e-04
1.1871099472e-02
9.5105171204e-04
1.4746904373e-02
8.1820487976e-03
1.2125968933e-02
1.1451005936e-02
1.1370897293e-02
1.0348081589e-02
1.0101079941e-02
8.4121227264e-03
1.1751890182e-02
1.8975019455e-02
1.1726856232e-02
1.0944128036e-02
1.2292146683e-02
1.0440349579e-03
VALOR DE N : 10000000
7.5101852417e-04
1.3921976089e-02
8.2492828369e-04
7.5602531433e-04
1.4577865601e-02
7.8988075256e-04
1.4445066452e-02
8.1610679626e-03
1.3154029846e-02
1.3195037842e-02
1.8218040466e-02
1.3406038284e-02
1.2204885483e-02
1.0300874710e-02
1.2962102890e-02
1.2365102768e-02
1.3838052750e-02
1.4929056168e-02
1.2701034546e-02
7.4505805969e-04
