
VALOR DE N : 1000000
1.2509822845e-03
1.5659332275e-03
9.7012519836e-04
1.2137889862e-03
1.5449523926e-03
1.2118816376e-03
1.5649795532e-03
1.5430450439e-03
1.4691352844e-03
1.8398761749e-03
1.7240047455e-03
1.4629364014e-03
1.5218257904e-03
1.3949871063e-03
1.5439987183e-03
1.9409656525e-03
1.7209053040e-03
1.8079280853e-03
1.7931461334e-03
9.8705291748e-04
VALOR DE N : 2000000
1.0700225830e-03
2.4559497833e-03
1.0850429535e-03
1.2249946594e-03
2.1419525146e-03
1.4851093292e-03
2.2101402283e-03
2.1679401398e-03
1.8589496613e-03
3.8669109344e-03
2.1300315857e-03
1.8391609192e-03
2.4509429932e-03
3.1309127808e-03
2.3639202118e-03
2.3090839386e-03
1.9040107727e-03
2.1870136261e-03
2.4077892303e-03
1.1050701141e-03
VALOR DE N : 3000000
1.1119842529e-03
2.3548603058e-03
9.0312957764e-04
1.2919902802e-03
2.6597976685e-03
1.3730525970e-03
2.6659965515e-03
2.7251243591e-03
2.6569366455e-03
2.6700496674e-03
2.6011466980e-03
2.4740695953e-03
3.4449100494e-03
3.3590793610e-03
2.7291774750e-03
2.3300647736e-03
3.2021999359e-03
2.8610229492e-03
3.0360221863e-03
1.0449886322e-03
VALOR DE N : 4000000
1.3911724091e-03
3.2198429108e-03
1.4750957489e-03
1.0650157928e-03
3.1049251556e-03
1.4541149139e-03
2.8920173645e-03
3.2968521118e-03
3.0169487000e-03
2.9990673065e-03
3.0810832977e-03
2.8779506683e-03
3.0889511108e-03
3.1299591064e-03
2.9819011688e-03
2.8038024902e-03
3.0229091644e-03
2.9540061951e-03
2.8529167175e-03
1.1351108551e-03
VALOR DE N : 5000000
9.8586082458e-04
3.4890174866e-03
1.0240077972e-03
1.1310577393e-03
3.8809776306e-03
1.1360645294e-03
3.3719539642e-03
3.7591457367e-03
3.6211013794e-03
4.0450096130e-03
3.5779476166e-03
3.8399696350e-03
3.6838054657e-03
3.7248134613e-03
3.3860206604e-03
3.6840438843e-03
3.6489963531e-03
3.8199424744e-03
3.4558773041e-03
1.0261535645e-03
VALOR DE N : 6000000
1.0638237000e-03
3.8239955902e-03
7.4100494385e-04
1.0058879852e-03
3.9989948273e-03
1.2571811676e-03
3.9691925049e-03
3.9861202240e-03
4.1279792786e-03
3.9951801300e-03
3.8421154022e-03
4.9250125885e-03
3.7801265717e-03
4.2698383331e-03
4.1279792786e-03
3.9079189301e-03
4.0419101715e-03
4.0090084076e-03
3.8130283356e-03
1.0659694672e-03
VALOR DE N : 7000000
1.0960102081e-03
4.4760704041e-03
1.1229515076e-03
1.1720657349e-03
4.5561790466e-03
1.3999938965e-03
4.1999816895e-03
4.0819644928e-03
4.7740936279e-03
5.2580833435e-03
4.3339729309e-03
4.8718452454e-03
4.4388771057e-03
4.4100284576e-03
4.4190883636e-03
4.4009685516e-03
4.9550533295e-03
4.5459270477e-03
4.6401023865e-03
1.2090206146e-03
VALOR DE N : 8000000
1.2030601501e-03
5.3379535675e-03
9.3913078308e-04
1.0628700256e-03
4.7829151154e-03
1.1670589447e-03
5.5940151215e-03
3.0331611633e-03
5.6059360504e-03
5.4039955139e-03
4.7359466553e-03
4.9161911011e-03
5.3138732910e-03
4.8429965973e-03
4.9259662628e-03
5.9390068054e-03
5.2051544189e-03
5.3179264069e-03
5.4922103882e-03
1.0991096497e-03
VALOR DE N : 9000000
9.4413757324e-04
6.0591697693e-03
1.0480880737e-03
1.1529922485e-03
6.0110092163e-03
9.5391273499e-04
6.3059329987e-03
2.7530193329e-03
7.3819160461e-03
5.5220127106e-03
6.0560703278e-03
5.4550170898e-03
5.5840015411e-03
1.8570423126e-03
6.7708492279e-03
3.4499168396e-03
5.5789947510e-03
5.4419040680e-03
5.6982040405e-03
1.1301040649e-03
VALOR DE N : 10000000
8.6498260498e-04
5.8338642120e-03
1.0099411011e-03
8.9597702026e-04
6.7219734192e-03
1.4929771423e-03
6.4151287079e-03
5.3601264954e-03
6.1171054840e-03
6.4549446106e-03
5.7849884033e-03
5.8510303497e-03
5.8331489563e-03
3.7009716034e-03
5.8789253235e-03
5.0640106201e-03
6.1230659485e-03
6.1030387878e-03
5.5518150330e-03
1.3418197632e-03
