
VALOR DE N : 1000000
1.0709762573e-03
1.0540485382e-03
8.0204010010e-04
8.0180168152e-04
8.8787078857e-04
8.1300735474e-04
9.0503692627e-04
1.0898113251e-03
7.6913833618e-04
8.7308883667e-04
7.7009201050e-04
8.5711479187e-04
9.3913078308e-04
7.9298019409e-04
9.9396705627e-04
7.2216987610e-04
7.5006484985e-04
8.9001655579e-04
8.2993507385e-04
9.0098381042e-04
VALOR DE N : 2000000
8.9406967163e-04
9.8919868469e-04
6.6018104553e-04
7.9107284546e-04
6.9713592529e-04
8.9097023010e-04
8.0919265747e-04
8.6498260498e-04
1.0290145874e-03
9.2601776123e-04
8.2707405090e-04
9.1195106506e-04
1.0650157928e-03
1.1119842529e-03
1.1188983917e-03
1.1048316956e-03
1.0550022125e-03
7.5507164001e-04
1.0881423950e-03
1.1680126190e-03
VALOR DE N : 3000000
7.2097778320e-04
6.6804885864e-04
6.8092346191e-04
1.1448860168e-03
6.6494941711e-04
1.0139942169e-03
8.4996223450e-04
8.1491470337e-04
9.9396705627e-04
1.0991096497e-03
1.0869503021e-03
1.0120868683e-03
9.0885162354e-04
8.0108642578e-04
1.1539459229e-03
1.0149478912e-03
9.3793869019e-04
1.1689662933e-03
1.1019706726e-03
1.1210441589e-03
VALOR DE N : 4000000
8.0323219299e-04
1.0688304901e-03
6.2179565430e-04
9.3102455139e-04
6.3109397888e-04
8.7499618530e-04
6.2894821167e-04
8.4018707275e-04
8.3899497986e-04
7.8296661377e-04
1.0960102081e-03
8.9216232300e-04
6.9212913513e-04
7.9393386841e-04
7.6293945312e-04
7.5197219849e-04
8.5711479187e-04
8.8596343994e-04
7.3409080505e-04
8.8810920715e-04
VALOR DE N : 5000000
1.0399818420e-03
6.8187713623e-04
7.1287155151e-04
1.2528896332e-03
1.1301040649e-03
7.6913833618e-04
1.0821819305e-03
1.1770725250e-03
1.0199546814e-03
1.0042190552e-03
1.0681152344e-03
7.9202651978e-04
1.1360645294e-03
1.0688304901e-03
8.1896781921e-04
9.4604492188e-04
8.1920623779e-04
7.4195861816e-04
1.0359287262e-03
6.9212913513e-04
VALOR DE N : 6000000
1.2469291687e-03
9.6392631531e-04
1.1179447174e-03
1.0628700256e-03
9.7703933716e-04
1.1000633240e-03
1.1770725250e-03
6.5493583679e-04
8.0513954163e-04
1.0731220245e-03
8.2993507385e-04
6.3490867615e-04
6.9499015808e-04
1.1069774628e-03
9.4699859619e-04
1.0318756104e-03
1.1231899261e-03
8.4805488586e-04
1.0859966278e-03
8.2206726074e-04
VALOR DE N : 7000000
1.0240077972e-03
9.3197822571e-04
8.9383125305e-04
1.1060237885e-03
8.1801414490e-04
9.3603134155e-04
1.0600090027e-03
6.9713592529e-04
1.1360645294e-03
1.0159015656e-03
1.1720657349e-03
9.3793869019e-04
7.5984001160e-04
8.9812278748e-04
1.2190341949e-03
1.0859966278e-03
1.1420249939e-03
1.1310577393e-03
9.5009803772e-04
9.8085403442e-04
VALOR DE N : 8000000
8.0895423889e-04
7.9894065857e-04
6.7400932312e-04
8.1396102905e-04
1.0671615601e-03
1.0640621185e-03
9.5009803772e-04
1.0769367218e-03
9.2720985413e-04
8.5091590881e-04
7.0786476135e-04
1.1930465698e-03
1.1119842529e-03
9.7918510437e-04
6.7901611328e-04
1.0039806366e-03
1.0671615601e-03
1.1661052704e-03
6.9618225098e-04
8.6903572083e-04
VALOR DE N : 9000000
7.6603889465e-04
1.0049343109e-03
7.6889991760e-04
6.6804885864e-04
7.7319145203e-04
1.0559558868e-03
1.0211467743e-03
7.3099136353e-04
7.8606605530e-04
9.3317031860e-04
8.8095664978e-04
5.9390068054e-04
8.2707405090e-04
1.0318756104e-03
1.0011196136e-03
1.1389255524e-03
1.0080337524e-03
7.7009201050e-04
1.1940002441e-03
9.2887878418e-04
VALOR DE N : 10000000
1.1270046234e-03
7.2312355042e-04
9.5987319946e-04
6.4611434937e-04
9.9301338196e-04
1.2211799622e-03
1.0728836060e-03
1.0910034180e-03
1.1980533600e-03
1.0619163513e-03
7.0118904114e-04
6.5112113953e-04
6.4802169800e-04
5.3095817566e-04
1.1310577393e-03
7.9393386841e-04
5.7601928711e-04
7.4815750122e-04
6.7901611328e-04
8.5186958313e-04
