
VALOR DE N : 1000000
7.1907043457e-04
9.2411041260e-04
1.1680126190e-03
8.1992149353e-04
9.0003013611e-04
9.1695785522e-04
7.7700614929e-04
1.1429786682e-03
8.6402893066e-04
8.7714195251e-04
1.0318756104e-03
9.1791152954e-04
8.1491470337e-04
9.6988677979e-04
1.0211467743e-03
9.8204612732e-04
1.1451244354e-03
8.9287757874e-04
9.3483924866e-04
7.5197219849e-04
VALOR DE N : 2000000
7.5507164001e-04
1.0521411896e-03
8.8882446289e-04
9.6702575684e-04
9.3007087708e-04
7.0810317993e-04
8.3804130554e-04
1.0640621185e-03
9.1910362244e-04
1.2621879578e-03
1.1730194092e-03
1.1379718781e-03
1.0931491852e-03
9.8681449890e-04
8.5496902466e-04
1.0259151459e-03
1.1920928955e-03
1.5079975128e-03
1.1680126190e-03
6.4802169800e-04
VALOR DE N : 3000000
9.9897384644e-04
8.1896781921e-04
7.8487396240e-04
8.2182884216e-04
1.1990070343e-03
1.0221004486e-03
1.3251304626e-03
1.1019706726e-03
8.8906288147e-04
1.2440681458e-03
9.9396705627e-04
9.1910362244e-04
9.5605850220e-04
1.0991096497e-03
1.2648105621e-03
1.3189315796e-03
1.1820793152e-03
1.4688968658e-03
1.3639926910e-03
7.8701972961e-04
VALOR DE N : 4000000
1.5299320221e-03
1.3060569763e-03
1.3210773468e-03
1.2919902802e-03
1.0859966278e-03
1.4929771423e-03
1.2128353119e-03
1.2998580933e-03
1.1570453644e-03
1.2991428375e-03
1.2629032135e-03
1.1260509491e-03
1.0359287262e-03
1.2052059174e-03
8.4710121155e-04
1.0979175568e-03
8.2993507385e-04
8.5496902466e-04
1.2130737305e-03
6.5422058105e-04
VALOR DE N : 5000000
1.1570453644e-03
1.2030601501e-03
1.1940002441e-03
8.4400177002e-04
1.3680458069e-03
1.3308525085e-03
1.3511180878e-03
1.2998580933e-03
1.2459754944e-03
1.0409355164e-03
1.0609626770e-03
1.1501312256e-03
1.1060237885e-03
1.2741088867e-03
8.5806846619e-04
1.0061264038e-03
9.6702575684e-04
9.8204612732e-04
1.1420249939e-03
8.0895423889e-04
VALOR DE N : 6000000
1.2919902802e-03
1.1589527130e-03
9.5510482788e-04
8.7594985962e-04
1.3010501862e-03
1.1501312256e-03
1.4829635620e-03
1.2230873108e-03
1.1940002441e-03
1.2660026550e-03
1.2290477753e-03
1.0981559753e-03
1.3329982758e-03
1.1329650879e-03
1.0099411011e-03
1.1301040649e-03
1.3470649719e-03
1.0900497437e-03
1.2419223785e-03
9.7298622131e-04
VALOR DE N : 7000000
1.1699199677e-03
1.2698173523e-03
1.2490749359e-03
1.2059211731e-03
1.3141632080e-03
9.9015235901e-04
1.3070106506e-03
1.0008811951e-03
9.5415115356e-04
7.6103210449e-04
1.1620521545e-03
8.2111358643e-04
1.2369155884e-03
1.0731220245e-03
9.7393989563e-04
1.2030601501e-03
9.8776817322e-04
1.2519359589e-03
9.1886520386e-04
1.1329650879e-03
VALOR DE N : 8000000
1.1019706726e-03
1.1689662933e-03
1.2559890747e-03
1.0840892792e-03
1.2040138245e-03
1.2831687927e-03
1.2941360474e-03
1.2149810791e-03
1.1529922485e-03
1.2769699097e-03
1.4541149139e-03
1.2719631195e-03
1.2099742889e-03
1.2419223785e-03
1.2509822845e-03
1.0399818420e-03
1.0387897491e-03
1.3079643250e-03
1.2331008911e-03
1.1889934540e-03
VALOR DE N : 9000000
1.1739730835e-03
1.2109279633e-03
1.2679100037e-03
1.1451244354e-03
1.1940002441e-03
8.6498260498e-04
1.4030933380e-03
1.0027885437e-03
8.9502334595e-04
7.7009201050e-04
6.7305564880e-04
1.0130405426e-03
8.2206726074e-04
1.2738704681e-03
7.2407722473e-04
1.3270378113e-03
1.0869503021e-03
9.9802017212e-04
1.0819435120e-03
8.1920623779e-04
VALOR DE N : 10000000
1.0190010071e-03
1.1160373688e-03
1.2609958649e-03
8.4495544434e-04
9.9205970764e-04
1.3818740845e-03
7.8010559082e-04
8.7904930115e-04
8.9406967163e-04
9.3102455139e-04
7.9202651978e-04
1.1970996857e-03
7.8010559082e-04
8.9311599731e-04
1.1417865753e-03
1.3649463654e-03
1.0690689087e-03
1.1858940125e-03
8.0394744873e-04
7.8105926514e-04
