
VALOR DE N : 1000000
1.3079643250e-03
1.2171268463e-03
8.6402893066e-04
8.6784362793e-04
8.9097023010e-04
9.7298622131e-04
1.0108947754e-03
9.0503692627e-04
8.4805488586e-04
1.0068416595e-03
9.0813636780e-04
9.0885162354e-04
9.4985961914e-04
8.2516670227e-04
8.7189674377e-04
8.2588195801e-04
1.0070800781e-03
1.0738372803e-03
9.0813636780e-04
1.3079643250e-03
VALOR DE N : 2000000
9.7084045410e-04
1.0609626770e-03
1.1661052704e-03
1.2989044189e-03
8.6092948914e-04
9.0503692627e-04
7.6007843018e-04
9.1695785522e-04
7.5316429138e-04
9.9492073059e-04
8.7881088257e-04
7.9798698425e-04
8.3088874817e-04
8.1205368042e-04
1.0509490967e-03
1.4600753784e-03
1.0058879852e-03
1.2679100037e-03
8.6998939514e-04
1.2760162354e-03
VALOR DE N : 3000000
8.0513954163e-04
9.0503692627e-04
1.2049674988e-03
1.1370182037e-03
9.7203254700e-04
1.1999607086e-03
1.0020732880e-03
9.4199180603e-04
1.3480186462e-03
7.8415870667e-04
1.2559890747e-03
8.8500976562e-04
7.9298019409e-04
1.2049674988e-03
8.3303451538e-04
1.1839866638e-03
1.1720657349e-03
1.2300014496e-03
1.0581016541e-03
1.4328956604e-03
VALOR DE N : 4000000
8.5186958313e-04
1.3852119446e-03
1.1839866638e-03
1.2769699097e-03
1.4529228210e-03
1.3120174408e-03
1.3940334320e-03
1.2278556824e-03
8.6498260498e-04
1.2190341949e-03
1.2462139130e-03
1.3651847839e-03
1.3730525970e-03
1.2550354004e-03
1.4250278473e-03
1.2490749359e-03
8.1205368042e-04
1.4469623566e-03
1.3499259949e-03
1.2559890747e-03
VALOR DE N : 5000000
1.3899803162e-03
1.4898777008e-03
1.3179779053e-03
9.5295906067e-04
1.2648105621e-03
1.2280941010e-03
1.3837814331e-03
1.6701221466e-03
1.2688636780e-03
1.2829303741e-03
1.3179779053e-03
8.7785720825e-04
1.2290477753e-03
1.7380714417e-03
1.3771057129e-03
1.2550354004e-03
1.2118816376e-03
1.4388561249e-03
1.2981891632e-03
1.3098716736e-03
VALOR DE N : 6000000
1.2872219086e-03
1.3301372528e-03
1.3301372528e-03
1.4250278473e-03
1.2748241425e-03
1.4882087708e-03
1.0650157928e-03
1.8320083618e-03
1.3031959534e-03
1.3360977173e-03
1.2691020966e-03
1.0170936584e-03
1.2030601501e-03
1.2559890747e-03
1.2190341949e-03
1.1661052704e-03
1.2547969818e-03
1.0869503021e-03
1.3709068298e-03
1.4441013336e-03
VALOR DE N : 7000000
1.3341903687e-03
1.3298988342e-03
1.5280246735e-03
1.4510154724e-03
1.3151168823e-03
1.3179779053e-03
1.3489723206e-03
1.4619827271e-03
1.3999938965e-03
1.1088848114e-03
1.0499954224e-03
1.0499954224e-03
1.0528564453e-03
1.3129711151e-03
1.3558864594e-03
1.3389587402e-03
1.2538433075e-03
1.3470649719e-03
1.4648437500e-03
1.2829303741e-03
VALOR DE N : 8000000
1.4600753784e-03
1.4538764954e-03
1.3129711151e-03
9.5200538635e-04
1.2838840485e-03
1.4798641205e-03
1.2009143829e-03
1.1799335480e-03
1.4328956604e-03
1.2788772583e-03
1.3117790222e-03
1.4159679413e-03
1.3098716736e-03
1.2540817261e-03
9.0408325195e-04
1.3267993927e-03
1.3740062714e-03
9.2887878418e-04
9.3817710876e-04
1.4591217041e-03
VALOR DE N : 9000000
1.3930797577e-03
1.4390945435e-03
1.3940334320e-03
1.3580322266e-03
1.2180805206e-03
1.1878013611e-03
1.3101100922e-03
9.1910362244e-04
1.4090538025e-03
8.9406967163e-04
1.3868808746e-03
1.3709068298e-03
1.0390281677e-03
9.5415115356e-04
1.1680126190e-03
1.3298988342e-03
1.2981891632e-03
1.4078617096e-03
1.4071464539e-03
1.1360645294e-03
VALOR DE N : 10000000
1.3642311096e-03
1.3020038605e-03
1.2269020081e-03
1.3370513916e-03
1.2350082397e-03
1.0011196136e-03
1.0449886322e-03
1.1351108551e-03
1.3930797577e-03
1.4219284058e-03
8.6116790771e-04
1.1229515076e-03
9.8395347595e-04
1.4150142670e-03
1.0349750519e-03
1.0819435120e-03
1.3771057129e-03
1.2149810791e-03
9.5105171204e-04
1.2819766998e-03
