
VALOR DE N : 1000000
7.9607963562e-04
6.4897537231e-04
8.3780288696e-04
8.6307525635e-04
6.3300132751e-04
9.3102455139e-04
7.1787834167e-04
1.0168552399e-03
5.4812431335e-04
8.6092948914e-04
7.8392028809e-04
9.2291831970e-04
5.6099891663e-04
5.9604644775e-04
8.4590911865e-04
7.0619583130e-04
9.4294548035e-04
8.5997581482e-04
5.8317184448e-04
8.7285041809e-04
VALOR DE N : 2000000
7.9584121704e-04
9.7703933716e-04
8.3208084106e-04
6.8402290344e-04
5.7983398438e-04
7.3981285095e-04
8.1014633179e-04
7.7700614929e-04
7.6198577881e-04
8.0585479736e-04
8.1992149353e-04
8.1801414490e-04
7.5411796570e-04
8.3208084106e-04
7.5602531433e-04
8.2492828369e-04
7.2503089905e-04
6.2704086304e-04
8.1992149353e-04
6.0606002808e-04
VALOR DE N : 3000000
8.2397460938e-04
8.1300735474e-04
7.9417228699e-04
7.1001052856e-04
7.1287155151e-04
7.4601173401e-04
5.5694580078e-04
1.0111331940e-03
8.2993507385e-04
9.6607208252e-04
5.4216384888e-04
9.1910362244e-04
9.4318389893e-04
8.5902214050e-04
5.6576728821e-04
7.6293945312e-04
8.0704689026e-04
6.6685676575e-04
9.4103813171e-04
7.6198577881e-04
VALOR DE N : 4000000
7.1215629578e-04
5.7101249695e-04
8.5210800171e-04
1.1489391327e-03
6.5302848816e-04
7.8392028809e-04
8.8977813721e-04
8.4209442139e-04
8.2302093506e-04
6.9499015808e-04
6.3204765320e-04
5.8388710022e-04
7.0786476135e-04
5.9413909912e-04
8.0513954163e-04
7.8105926514e-04
6.2584877014e-04
7.0095062256e-04
8.4614753723e-04
8.5616111755e-04
VALOR DE N : 5000000
6.1011314392e-04
1.3480186462e-03
6.5708160400e-04
8.1801414490e-04
8.2397460938e-04
7.6889991760e-04
7.2813034058e-04
7.8082084656e-04
7.1001052856e-04
7.7986717224e-04
5.6505203247e-04
8.5401535034e-04
9.1409683228e-04
5.5384635925e-04
5.5503845215e-04
9.8299980164e-04
9.7703933716e-04
7.3814392090e-04
5.5217742920e-04
7.6913833618e-04
VALOR DE N : 6000000
7.9894065857e-04
6.2489509583e-04
5.6314468384e-04
8.0800056458e-04
5.3310394287e-04
6.7901611328e-04
1.0280609131e-03
6.1678886414e-04
7.4601173401e-04
7.5387954712e-04
7.0095062256e-04
8.4495544434e-04
6.2203407288e-04
6.0200691223e-04
8.3112716675e-04
7.5602531433e-04
7.8201293945e-04
1.1570453644e-03
9.3507766724e-04
1.0678768158e-03
VALOR DE N : 7000000
1.1138916016e-03
1.1529922485e-03
1.0170936584e-03
8.1300735474e-04
1.0991096497e-03
9.3388557434e-04
7.6794624329e-04
1.0540485382e-03
1.0299682617e-03
6.8902969360e-04
7.5984001160e-04
8.4090232849e-04
1.2009143829e-03
9.8586082458e-04
8.0394744873e-04
8.3708763123e-04
7.8010559082e-04
7.4410438538e-04
8.1205368042e-04
9.5105171204e-04
VALOR DE N : 8000000
6.9499015808e-04
8.6092948914e-04
7.4815750122e-04
7.8487396240e-04
7.7390670776e-04
8.2588195801e-04
9.3889236450e-04
8.1515312195e-04
5.4216384888e-04
9.0909004211e-04
7.4005126953e-04
6.9499015808e-04
7.3099136353e-04
8.0800056458e-04
7.6413154602e-04
7.7009201050e-04
7.6794624329e-04
1.0890960693e-03
1.1491775513e-03
6.7996978760e-04
VALOR DE N : 9000000
7.5292587280e-04
8.2421302795e-04
1.1961460114e-03
7.6889991760e-04
9.1695785522e-04
8.6212158203e-04
9.9897384644e-04
9.4699859619e-04
8.2898139954e-04
1.1479854584e-03
1.0979175568e-03
7.1597099304e-04
7.2407722473e-04
7.1382522583e-04
1.0070800781e-03
1.1401176453e-03
7.2693824768e-04
8.9812278748e-04
1.0421276093e-03
7.8296661377e-04
VALOR DE N : 10000000
1.0981559753e-03
9.6201896667e-04
1.0650157928e-03
1.2140274048e-03
7.4696540833e-04
1.2481212616e-03
1.1229515076e-03
8.4614753723e-04
8.1396102905e-04
9.8299980164e-04
1.0650157928e-03
1.0170936584e-03
6.9808959961e-04
8.9502334595e-04
1.1029243469e-03
1.0640621185e-03
8.3494186401e-04
7.7605247498e-04
1.1179447174e-03
1.0890960693e-03
